-0.439077985881 0.029619311987 -2.454406841762 -1.756256665658 0.266160654253 0.258244427774 1.436450146704 1.026974377499 1.60588001865 2.484521960651 
-0.631492857553 -2.666612260105 0.345738558626 0.988837186947 3.073133493243 -0.341554878012 -3.263476956025 -3.056438369888 2.880257012149 -2.322125675516 
-0.277128598428 -1.520511906996 2.034694547654 2.158133949095 2.277412307031 1.708191476911 -0.20790147203 -3.128220230269 0.593990211467 0.129705345175 
3.650736461156 0.360657232539 -1.799083399254 0.283300296741 -2.776555049342 -2.041661345503 1.443255627699 -1.81566044011 -1.878295693557 -3.079722720656 
2.790855378953 -3.874413406991 -3.142952178174 0.132112290718 -1.566267982892 0.334751247961 1.859815839114 1.374706312314 1.94870222326 2.582268970815 
-0.945719701936 -0.563976444664 2.885105542251 0.719920184073 2.441661848891 2.536609302451 -3.089695748879 0.769142164074 -2.699438374219 1.307895893373 
-1.53862853014 -3.271700585995 -0.307507409538 -1.984599185401 -0.684188367608 -3.783546524941 -3.218160047865 1.823185523824 -2.74624472907 2.41022582607 
-0.882106114231 -2.714403541154 2.112767163771 -1.551279096789 -0.051839931022 1.269511979311 3.320829500989 -1.830139558168 -3.542011735741 -0.904134466118 
3.719074868524 -2.203128784288 1.194625775368 -1.315440434997 -2.66558752375 -3.578384292999 3.899050204775 0.358373614763 -0.112960669084 -0.33131234205 
3.799085258963 -1.875447049628 -3.859947675885 -0.590094328816 0.776508228028 3.360319123685 1.72214052165 2.092564416004 1.166934447564 1.624439951179 
