-0.439077985881 0.000000000000 0.000000000000 0.000000000000 0.000000000000 0.000000000000 0.000000000000 0.000000000000 0.000000000000 0.000000000000 
-0.631492857553 -2.709211489779 0.000000000000 0.000000000000 0.000000000000 0.000000000000 0.000000000000 0.000000000000 0.000000000000 0.000000000000 
-0.277128598428 -1.539206441182 1.381870087173 0.000000000000 0.000000000000 0.000000000000 0.000000000000 0.000000000000 0.000000000000 0.000000000000 
3.650736461156 0.606928523067 -21.338118985581 6.075197619201 0.000000000000 0.000000000000 0.000000000000 0.000000000000 0.000000000000 0.000000000000 
2.790855378953 -3.686147953386 -24.016892484858 6.255358075173 -2.715143600531 0.000000000000 0.000000000000 0.000000000000 0.000000000000 0.000000000000 
-0.945719701936 -0.627772781089 7.273519070036 -2.995178593097 2.629141719496 12.403850611920 0.000000000000 0.000000000000 0.000000000000 0.000000000000 
-1.538628530140 -3.375493351590 3.464396183464 -3.392728919393 -1.393751127689 5.074748258458 6.877395798116 0.000000000000 0.000000000000 0.000000000000 
-0.882106114231 -2.773908633742 3.075380344012 -4.447508898326 1.961780411819 23.402543695376 12.293176996337 -1.660985118439 0.000000000000 0.000000000000 
3.719074868524 -1.952247523154 -22.387506023406 1.847279900008 4.322363148326 30.954124513302 17.318638763593 7.477590185094 60.417903513486 0.000000000000 
3.799085258963 -1.619168449541 -27.412836184373 7.302341581070 2.166326743064 13.275531667252 -2.856619334724 1.717542659087 10.048761447669 -3.897247721505 
