1.000000000000 -0.067457975438 5.589910951325 3.999874104674 -0.606180821657 -0.588151617886 -3.271514839948 -2.338933880819 -3.657391329761 -5.658498126855 
0.000000000000 1.000000000000 -1.430573956063 -1.297325486925 -0.993032343223 0.263164550481 1.967146245665 1.673349765058 -0.210629739421 2.176067409039 
0.000000000000 0.000000000000 1.000000000000 0.918871983419 0.420401665782 1.411321102235 1.384581948385 -0.868949239798 -0.538241749480 1.382901822863 
0.000000000000 0.000000000000 0.000000000000 1.000000000000 1.483035180530 4.948109119940 6.870089492989 -2.112552713238 0.019200509560 7.533214857861 
0.000000000000 0.000000000000 0.000000000000 0.000000000000 1.000000000000 -2.169172067408 -3.137888816277 -2.362991236290 0.614133331419 -4.598531485572 
0.000000000000 0.000000000000 0.000000000000 0.000000000000 0.000000000000 1.000000000000 1.113170876345 0.468655659786 -0.317059285171 1.766997312560 
0.000000000000 0.000000000000 0.000000000000 0.000000000000 0.000000000000 0.000000000000 1.000000000000 -0.866003570376 -0.681918117331 0.936424419927 
0.000000000000 0.000000000000 0.000000000000 0.000000000000 0.000000000000 0.000000000000 0.000000000000 1.000000000000 -5.410250182410 8.700126726450 
0.000000000000 0.000000000000 0.000000000000 0.000000000000 0.000000000000 0.000000000000 0.000000000000 0.000000000000 1.000000000000 -1.226256646161 
0.000000000000 0.000000000000 0.000000000000 0.000000000000 0.000000000000 0.000000000000 0.000000000000 0.000000000000 0.000000000000 1.000000000000 
